1	1	1	IY	160.	240.	2280.	2850.
1	1	1	IY	186.	280.	2400.	2790.
1	1	2	IH	203.	390.	2030.	2640.
1	1	2	IH	192.	310.	1980.	2550.
1	1	3	EH	161.	490.	1870.	2420.
1	1	3	*EH	155.	570.	1700.	2600.
1	1	4	*AE	140.	560.	1820.	2660.
1	1	4	AE	180.	630.	1700.	2550.
1	1	5	AH	144.	590.	1250.	2620.
1	1	5	AH	148.	620.	1300.	2530.
1	1	6	AA	148.	740.	1070.	2490.
1	1	6	AA	170.	800.	1060.	2640.
1	1	7	*AO	161.	600.	970.	2280.
1	1	7	*AO	158.	660.	980.	2220.
1	1	8	UH	163.	440.	1120.	2210.
1	1	8	UH	190.	400.	1070.	2280.
1	1	9	UW	160.	240.	1040.	2150.
1	1	9	UW	157.	270.	930.	2280.
1	1	10	ER	177.	370.	1520.	1670.
1	1	10	ER	164.	460.	1330.	1590.
1	2	1	IY	147.	220.	2220.	2910.
1	2	1	IY	148.	210.	2360.	3250.
1	2	2	IH	141.	410.	1890.	2680.
1	2	2	IH	139.	420.	1850.	2500.
1	2	3	EH	136.	500.	1760.	2590.
1	2	3	*EH	135.	510.	1710.	2380.
1	2	4	AE	128.	690.	1610.	2560.
1	2	4	AE	131.	700.	1690.	2580.
1	2	5	*AH	140.	650.	1080.	2420.
1	2	5	*AH	125.	625.	1060.	2490.
1	2	6	AA	140.	650.	1040.	2450.
1	2	6	AA	136.	670.	1100.	2430.
1	2	7	AO	149.	580.	580.	2470.
1	2	7	AO	140.	560.	560.	2410.
1	2	8	UH	145.	450.	940.	1910.
1	2	8	UH	141.	410.	830.	2240.
1	2	9	UW	140.	280.	650.	3300.
1	2	9	UW	137.	260.	660.	3300.
1	2	10	ER	145.	510.	1210.	1570.
1	2	10	ER	145.	510.	1130.	1510.
1	3	1	IY	105.	250.	2180.	2680.
1	3	1	IY	111.	244.	2300.	2780.
1	3	2	IH	100.	400.	1930.	2610.
1	3	2	IH	104.	400.	1990.	2700.
1	3	3	EH	100.	550.	1810.	2500.
1	3	3	EH	95.	540.	1810.	2480.
1	3	4	AE	93.	630.	1710.	2400.
1	3	4	AE	94.	658.	1755.	2305.
1	3	5	*AH	100.	600.	1200.	2320.
1	3	5	AH	105.	612.	1160.	2350.
1	3	6	AA	91.	640.	1080.	2140.
1	3	6	AA	94.	720.	1090.	2230.
1	3	7	AO	92.	550.	870.	2300.
1	3	7	AO	120.	540.	840.	2280.
1	3	8	UH	114.	460.	1150.	2290.
1	3	8	UH	114.	456.	1030.	2300.
1	3	9	UW	112.	340.	950.	2240.
1	3	9	*UW	112.	326.	900.	2190.
1	3	10	ER	100.	500.	1370.	1780.
1	3	10	ER	106.	530.	1330.	1800.
1	4	1	IY	150.	300.	2240.	3400.
1	4	1	IY	156.	280.	2450.	3200.
1	4	2	*IH	156.	450.	1960.	2400.
1	4	2	IH	146.	440.	2050.	2360.
1	4	3	EH	130.	570.	1780.	2410.
1	4	3	EH	150.	555.	1890.	2440.
1	4	4	AE	125.	750.	1610.	2340.
1	4	4	AE	136.	770.	1580.	2350.
1	4	5	AH	132.	660.	1200.	2330.
1	4	5	*AH	150.	675.	1140.	2380.
1	4	6	AA	125.	750.	1100.	2550.
1	4	6	AA	138.	800.	1120.	2500.
1	4	7	AO	143.	540.	850.	2320.
1	4	7	AO	150.	555.	890.	2370.
1	4	8	UH	136.	460.	960.	2210.
1	4	8	UH	156.	460.	1000.	2350.
1	4	9	UW	140.	380.	950.	2050.
1	4	9	UW	148.	385.	850.	2330.
1	4	10	ER	150.	590.	1400.	1840.
1	4	10	ER	145.	555.	1430.	1730.
1	5	1	IY	140.	310.	2310.	2820.
1	5	1	IY	131.	260.	2250.	2850.
1	5	2	IH	137.	440.	2060.	2640.
1	5	2	IH	134.	430.	1880.	2450.
1	5	3	EH	140.	580.	1910.	2500.
1	5	3	EH	137.	550.	1770.	2400.
1	5	4	AE	143.	830.	1720.	2180.
1	5	4	AE	135.	750.	1690.	2320.
1	5	5	AH	136.	630.	1300.	1950.
1	5	5	AH	130.	650.	1170.	2000.
1	5	6	AA	131.	760.	1220.	2140.
1	5	6	*AA	126.	720.	1260.	2020.
1	5	7	AO	136.	540.	970.	1980.
1	5	7	AO	124.	550.	880.	1950.
1	5	8	UH	133.	470.	1040.	1990.
1	5	8	UH	132.	490.	990.	1920.
1	5	9	UW	141.	380.	950.	2140.
1	5	9	UW	133.	330.	800.	2130.
1	5	10	ER	143.	560.	1510.	1800.
1	5	10	ER	136.	510.	1460.	1700.
1	6	1	IY	125.	312.	2350.	2800.
1	6	1	IY	119.	330.	2430.	2870.
1	6	2	IH	133.	420.	2000.	2660.
1	6	2	IH	125.	313.	2000.	2750.
1	6	3	EH	120.	600.	1860.	2500.
1	6	3	EH	114.	570.	1830.	2570.
1	6	4	AE	119.	676.	1670.	2540.
1	6	4	AE	125.	725.	1687.	2500.
1	6	5	*AH	118.	680.	1150.	2560.
1	6	5	AH	125.	726.	1270.	2560.
1	6	6	AA	125.	740.	1100.	2680.
1	6	6	*AA	113.	670.	960.	2650.
1	6	7	*AO	120.	660.	1030.	2690.
1	6	7	*AO	125.	720.	960.	2700.
1	6	8	UH	120.	456.	1080.	2520.
1	6	8	UH	120.	450.	1140.	2600.
1	6	9	UW	125.	313.	838.	2340.
1	6	9	UW	125.	288.	938.	2450.
1	6	10	ER	120.	503.	1305.	1775.
1	6	10	ER	120.	505.	1320.	1750.
1	7	1	IY	186.	320.	2320.	3120.
1	7	1	IY	172.	310.	2280.	3020.
1	7	2	*IH	167.	470.	2000.	2660.
1	7	2	IH	170.	410.	2040.	2715.
1	7	3	*EH	167.	630.	1900.	2860.
1	7	3	EH	146.	614.	1840.	2770.
1	7	4	AE	143.	740.	1800.	2450.
1	7	4	AE	162.	775.	1810.	2200.
1	7	5	*AH	167.	620.	1240.	2410.
1	7	5	AH	160.	640.	1250.	2400.
1	7	6	*AA	162.	650.	970.	2580.
1	7	6	AA	163.	650.	980.	2350.
1	7	7	AO	145.	430.	720.	2450.
1	7	7	AO	171.	510.	800.	2500.
1	7	8	*UH	170.	460.	1120.	2150.
1	7	8	*UH	170.	493.	1120.	2300.
1	7	9	UW	175.	380.	1040.	2260.
1	7	9	*UW	200.	400.	1000.	2350.
1	7	10	ER	167.	570.	1300.	1750.
1	7	10	ER	157.	565.	1370.	1710.
1	8	1	*IY	105.	230.	2480.	3200.
1	8	1	IY	109.	218.	2380.	3100.
1	8	2	*IH	110.	320.	2200.	2680.
1	8	2	IH	103.	206.	2130.	2570.
1	8	3	*EH	107.	430.	2100.	2630.
1	8	3	*EH	105.	515.	1760.	2470.
1	8	4	*AE	107.	514.	2060.	2600.
1	8	4	*AE	106.	552.	1820.	2500.
1	8	5	AH	108.	640.	1300.	2300.
1	8	5	AH	104.	624.	1350.	2410.
1	8	6	*AA	111.	714.	1170.	2420.
1	8	6	*AA	97.	650.	1150.	2350.
1	8	7	*AO	107.	590.	965.	2500.
1	8	7	AO	109.	578.	970.	2460.
1	8	8	UH	111.	467.	1110.	2400.
1	8	8	UH	105.	475.	1220.	2310.
1	8	9	UW	107.	270.	910.	2200.
1	8	9	UW	108.	260.	975.	2320.
1	8	10	ER	107.	460.	1400.	1790.
1	8	10	ER	103.	425.	1410.	1760.
1	9	1	IY	175.	316.	2200.	2800.
1	9	1	IY	175.	280.	2275.	2775.
1	9	2	IH	167.	450.	1820.	2475.
1	9	2	IH	167.	434.	1850.	2425.
1	9	3	EH	157.	582.	1725.	2375.
1	9	3	EH	158.	586.	1800.	2425.
1	9	4	AE	150.	600.	1750.	2375.
1	9	4	*AE	145.	582.	1775.	2375.
1	9	5	*AH	145.	626.	1125.	2200.
1	9	5	AH	160.	641.	1120.	2225.
1	9	6	AA	144.	708.	1054.	2420.
1	9	6	*AA	150.	705.	1050.	2375.
1	9	7	AO	146.	614.	848.	2200.
1	9	7	AO	143.	600.	860.	2175.
1	9	8	UH	167.	500.	1000.	2325.
1	9	8	UH	167.	500.	1000.	2325.
1	9	9	UW	167.	334.	1150.	2200.
1	9	9	UW	183.	312.	1020.	2300.
1	9	10	ER	157.	518.	1305.	1570.
1	9	10	ER	157.	504.	1210.	1510.
1	10	1	IY	129.	260.	2260.	2820.
1	10	1	IY	125.	250.	2200.	2825.
1	10	2	IH	146.	400.	2040.	2500.
1	10	2	IH	144.	389.	2000.	2425.
1	10	3	EH	126.	500.	1870.	2500.
1	10	3	EH	125.	500.	1775.	2450.
1	10	4	AE	110.	660.	1650.	2500.
1	10	4	AE	120.	624.	1700.	2475.
1	10	5	AH	122.	650.	1220.	2550.
1	10	5	AH	120.	672.	1260.	2500.
1	10	6	AA	114.	750.	1080.	2680.
1	10	6	AA	114.	777.	1026.	2625.
1	10	7	AO	115.	580.	800.	2650.
1	10	7	AO	117.	585.	819.	2625.
1	10	8	*UH	140.	480.	950.	2500.
1	10	8	UH	127.	461.	993.	2350.
1	10	9	UW	140.	280.	950.	2300.
1	10	9	UW	133.	266.	920.	2300.
1	10	10	ER	128.	500.	1340.	1700.
1	10	10	ER	133.	532.	1275.	1600.
1	11	1	IY	146.	248.	2225.	3100.
1	11	1	IY	140.	238.	2175.	3075.
1	11	2	IH	150.	405.	1925.	2550.
1	11	2	IH	138.	416.	1940.	2600.
1	11	3	*EH	147.	588.	1790.	2500.
1	11	3	*EH	133.	586.	1725.	2650.
1	11	4	AE	145.	725.	1700.	2425.
1	11	4	AE	127.	710.	1650.	2220.
1	11	5	*AH	136.	586.	1078.	2300.
1	11	5	AH	136.	627.	1038.	2360.
1	11	6	*AA	145.	725.	1046.	2325.
1	11	6	*AA	131.	746.	1018.	2300.
1	11	7	AO	140.	560.	840.	2500.
1	11	7	*AO	140.	560.	924.	2350.
1	11	8	UH	150.	495.	1080.	2275.
1	11	8	UH	143.	430.	1030.	2275.
1	11	9	UW	162.	290.	760.	2300.
1	11	9	UW	157.	315.	850.	2025.
1	11	10	ER	150.	511.	1561.	1876.
1	11	10	ER	138.	530.	1450.	1887.
1	12	1	IY	110.	220.	2410.	3000.
1	12	1	IY	125.	240.	2440.	3280.
1	12	2	IH	120.	450.	1880.	2450.
1	12	2	IH	118.	380.	1930.	2420.
1	12	3	EH	115.	560.	1650.	2300.
1	12	3	EH	123.	560.	1720.	2300.
1	12	4	AE	110.	680.	1720.	2330.
1	12	4	AE	133.	630.	1680.	2280.
1	12	5	*AH	110.	560.	1430.	2250.
1	12	5	*AH	120.	560.	1390.	2240.
1	12	6	*AA	108.	800.	1330.	2260.
1	12	6	AA	110.	740.	1240.	2280.
1	12	7	*AO	120.	600.	920.	2080.
1	12	7	*AO	133.	580.	910.	2000.
1	12	8	UH	130.	400.	1200.	2210.
1	12	8	UH	110.	420.	1230.	2230.
1	12	9	UW	122.	300.	900.	2130.
1	12	9	UW	123.	260.	1010.	2240.
1	12	10	ER	125.	400.	1450.	1650.
1	12	10	ER	128.	360.	1410.	1640.
1	13	1	IY	142.	290.	2290.	2600.
1	13	1	IY	135.	260.	2290.	2700.
1	13	2	IH	132.	390.	1950.	2550.
1	13	2	*IH	135.	400.	1900.	2450.
1	13	3	*EH	124.	490.	1740.	2500.
1	13	3	*EH	125.	500.	1780.	2430.
1	13	4	AE	125.	660.	1630.	2500.
1	13	4	AE	132.	670.	1630.	2380.
1	13	5	AH	140.	600.	1220.	2530.
1	13	5	AH	125.	600.	1210.	2430.
1	13	6	*AA	125.	680.	1120.	2630.
1	13	6	AA	128.	670.	1100.	2700.
1	13	7	AO	127.	510.	720.	2450.
1	13	7	AO	120.	480.	710.	2540.
1	13	8	*UH	133.	380.	910.	2350.
1	13	8	UH	140.	440.	1030.	2400.
1	13	9	UW	127.	350.	720.	2750.
1	13	9	UW	140.	380.	740.	2880.
1	13	10	ER	128.	430.	1370.	1610.
1	13	10	ER	135.	440.	1360.	1600.
1	14	1	IY	114.	228.	2350.	2860.
1	14	1	IY	118.	220.	2350.	2920.
1	14	2	*IH	110.	407.	2070.	2500.
1	14	2	*IH	112.	420.	1900.	2450.
1	14	3	EH	106.	445.	2020.	2420.
1	14	3	EH	115.	470.	2020.	2500.
1	14	4	AE	103.	721.	1680.	2400.
1	14	4	AE	109.	750.	1710.	2440.
1	14	5	*AH	104.	552.	1122.	2500.
1	14	5	*AH	115.	580.	1150.	2600.
1	14	6	AA	98.	686.	1078.	2570.
1	14	6	*AA	103.	700.	1050.	2680.
1	14	7	AO	102.	560.	665.	2620.
1	14	7	AO	106.	550.	650.	2700.
1	14	8	UH	112.	448.	980.	2370.
1	14	8	UH	104.	410.	940.	2370.
1	14	9	UW	116.	232.	696.	2200.
1	14	9	UW	117.	222.	665.	2080.
1	14	10	ER	120.	432.	1300.	1400.
1	14	10	ER	111.	420.	1300.	1570.
1	15	1	IY	121.	230.	2100.	2850.
1	15	1	IY	118.	240.	2000.	2980.
1	15	2	IH	130.	365.	1900.	2340.
1	15	2	IH	119.	300.	2040.	2560.
1	15	3	*EH	112.	440.	1980.	2310.
1	15	3	*EH	120.	410.	2050.	2500.
1	15	4	*AE	133.	620.	1710.	2110.
1	15	4	AE	124.	660.	1800.	2150.
1	15	5	AH	120.	660.	1000.	2380.
1	15	5	AH	110.	660.	960.	2450.
1	15	6	*AA	122.	600.	830.	2250.
1	15	6	*AA	119.	620.	820.	2400.
1	15	7	AO	117.	500.	620.	2250.
1	15	7	AO	106.	550.	700.	2550.
1	15	8	UH	140.	390.	730.	2180.
1	15	8	UH	130.	360.	740.	2200.
1	15	9	UW	131.	260.	720.	2100.
1	15	9	UW	132.	260.	740.	2040.
1	15	10	ER	125.	450.	1230.	1600.
1	15	10	ER	127.	460.	1300.	1650.
1	16	1	IY	150.	300.	2355.	3250.
1	16	1	IY	150.	300.	2460.	3280.
1	16	2	IH	160.	385.	2242.	2805.
1	16	2	IH	150.	407.	2250.	2780.
1	16	3	EH	140.	504.	2090.	2720.
1	16	3	EH	146.	543.	1980.	2640.
1	16	4	AE	133.	680.	1958.	2542.
1	16	4	AE	141.	708.	1840.	2535.
1	16	5	AH	150.	675.	1320.	2550.
1	16	5	AH	150.	704.	1393.	2550.
1	16	6	AA	137.	825.	1168.	2750.
1	16	6	AA	135.	840.	1210.	2680.
1	16	7	*AO	143.	671.	1000.	2670.
1	16	7	*AO	147.	690.	968.	2660.
1	16	8	UH	143.	443.	1273.	2430.
1	16	8	UH	153.	459.	1286.	2410.
1	16	9	UW	146.	395.	1300.	2160.
1	16	9	UW	153.	400.	1320.	2150.
1	16	10	ER	140.	532.	1500.	1890.
1	16	10	ER	146.	538.	1460.	1818.
1	17	1	IY	120.	264.	2290.	2700.
1	17	1	IY	128.	256.	2305.	2635.
1	17	2	IH	112.	380.	1880.	2440.
1	17	2	IH	115.	346.	1930.	2390.
1	17	3	EH	100.	510.	1780.	2300.
1	17	3	EH	108.	520.	1730.	2275.
1	17	4	AE	100.	630.	1770.	2350.
1	17	4	AE	105.	630.	1642.	2170.
1	17	5	AH	103.	601.	1273.	2130.
1	17	5	*AH	105.	590.	1283.	2150.
1	17	6	*AA	100.	750.	1150.	2440.
1	17	6	AA	95.	703.	1092.	2320.
1	17	7	AO	97.	565.	780.	2350.
1	17	7	AO	106.	584.	849.	2460.
1	17	8	UH	105.	420.	1100.	2140.
1	17	8	UH	111.	422.	1200.	2175.
1	17	9	UW	117.	315.	1080.	2260.
1	17	9	UW	125.	326.	1125.	2210.
1	17	10	ER	111.	444.	1300.	1625.
1	17	10	ER	109.	469.	1288.	1600.
1	18	1	IY	124.	210.	2100.	3090.
1	18	1	IY	130.	220.	2080.	3180.
1	18	2	IH	128.	280.	2000.	2710.
1	18	2	IH	130.	310.	1950.	2670.
1	18	3	EH	121.	470.	1910.	2580.
1	18	3	*EH	129.	490.	1930.	2650.
1	18	4	AE	116.	640.	1620.	2200.
1	18	4	AE	118.	650.	1580.	2360.
1	18	5	AH	121.	610.	1100.	2230.
1	18	5	AH	126.	620.	1120.	2330.
1	18	6	*AA	118.	700.	1100.	2240.
1	18	6	*AA	120.	670.	1100.	2220.
1	18	7	AO	122.	460.	720.	2180.
1	18	7	AO	118.	470.	690.	2200.
1	18	8	UH	129.	320.	770.	1860.
1	18	8	*UH	130.	310.	790.	1920.
1	18	9	UW	140.	210.	670.	1900.
1	18	9	UW	148.	240.	730.	1850.
1	18	10	ER	128.	390.	1320.	1550.
1	18	10	ER	124.	420.	1240.	1510.
1	19	1	IY	129.	190.	2650.	3280.
1	19	1	IY	135.	190.	2700.	3170.
1	19	2	IH	132.	370.	1750.	2700.
1	19	2	IH	130.	370.	1800.	2750.
1	19	3	*EH	122.	370.	1680.	2560.
1	19	3	*EH	125.	375.	1700.	2500.
1	19	4	*AE	121.	550.	1570.	2600.
1	19	4	*AE	120.	530.	1610.	2650.
1	19	5	*AH	118.	570.	1050.	2500.
1	19	5	*AH	125.	590.	1100.	2480.
1	19	6	*AA	112.	640.	970.	2870.
1	19	6	*AA	122.	670.	980.	2900.
1	19	7	*AO	113.	560.	860.	2900.
1	19	7	AO	121.	570.	820.	2820.
1	19	8	*UH	125.	350.	1000.	2500.
1	19	8	*UH	130.	380.	920.	2370.
1	19	9	UW	130.	250.	1000.	2100.
1	19	9	UW	140.	210.	960.	1940.
1	19	10	ER	130.	360.	1300.	1920.
1	19	10	ER	133.	370.	1300.	1760.
1	20	1	IY	127.	250.	2180.	2660.
1	20	1	IY	131.	260.	2210.	2780.
1	20	2	IH	121.	400.	1900.	2440.
1	20	2	IH	122.	350.	1980.	2480.
1	20	3	*EH	116.	560.	1670.	2310.
1	20	3	*EH	124.	530.	1700.	2380.
1	20	4	AE	120.	680.	1470.	2280.
1	20	4	AE	119.	620.	1580.	2320.
1	20	5	AH	120.	620.	1100.	2390.
1	20	5	*AH	125.	640.	1110.	2370.
1	20	6	*AA	115.	630.	980.	2330.
1	20	6	*AA	121.	670.	940.	2380.
1	20	7	AO	112.	560.	790.	2480.
1	20	7	AO	120.	610.	840.	2420.
1	20	8	UH	121.	360.	860.	2200.
1	20	8	UH	120.	400.	840.	2200.
1	20	9	UW	140.	280.	670.	2140.
1	20	9	UW	126.	250.	720.	2190.
1	20	10	ER	120.	480.	1410.	1760.
1	20	10	ER	121.	470.	1330.	1700.
1	21	1	IY	155.	280.	2400.	2910.
1	21	1	IY	150.	300.	2320.	2960.
1	21	2	*IH	142.	410.	2060.	2680.
1	21	2	IH	150.	450.	2050.	2670.
1	21	3	EH	135.	540.	1900.	2530.
1	21	3	EH	135.	540.	1920.	2520.
1	21	4	AE	138.	620.	1800.	2440.
1	21	4	AE	140.	690.	1820.	2480.
1	21	5	*AH	150.	630.	1200.	2600.
1	21	5	AH	140.	680.	1290.	2600.
1	21	6	AA	145.	740.	1110.	2500.
1	21	6	*AA	143.	700.	1060.	2720.
1	21	7	*AO	146.	600.	970.	2570.
1	21	7	AO	138.	650.	880.	2660.
1	21	8	UH	142.	430.	1130.	2440.
1	21	8	UH	143.	430.	1150.	2420.
1	21	9	UW	142.	280.	990.	2330.
1	21	9	UW	145.	290.	1000.	2300.
1	21	10	ER	150.	420.	1350.	1600.
1	21	10	ER	150.	450.	1350.	1600.
1	22	1	IY	135.	300.	2300.	2800.
1	22	1	IY	135.	350.	2240.	2760.
1	22	2	*IH	136.	410.	2200.	2680.
1	22	2	*IH	138.	440.	2080.	2520.
1	22	3	*EH	133.	580.	1870.	2320.
1	22	3	*EH	127.	520.	1900.	2400.
1	22	4	AE	130.	760.	1920.	2480.
1	22	4	AE	132.	670.	1850.	2560.
1	22	5	*AH	139.	810.	1110.	2100.
1	22	5	*AH	131.	770.	1150.	2100.
1	22	6	*AA	141.	700.	1040.	2120.
1	22	6	AA	125.	750.	1160.	2080.
1	22	7	*AO	133.	670.	920.	2240.
1	22	7	*AO	142.	570.	850.	2250.
1	22	8	UH	140.	550.	970.	2200.
1	22	8	*UH	141.	490.	870.	2240.
1	22	9	UW	150.	300.	600.	2300.
1	22	9	UW	148.	230.	570.	2100.
1	22	10	ER	140.	560.	1520.	2100.
1	22	10	ER	140.	540.	1570.	2050.
1	23	1	IY	125.	240.	2100.	2900.
1	23	1	IY	119.	240.	2150.	2860.
1	23	2	IH	130.	380.	1870.	2450.
1	23	2	IH	120.	430.	1710.	2350.
1	23	3	*EH	119.	580.	1770.	2500.
1	23	3	*EH	117.	570.	1750.	2400.
1	23	4	*AE	115.	760.	1580.	2440.
1	23	4	AE	110.	715.	1500.	2300.
1	23	5	*AH	124.	620.	880.	2500.
1	23	5	*AH	124.	650.	1000.	2520.
1	23	6	AA	119.	710.	950.	2520.
1	23	6	*AA	120.	690.	960.	2520.
1	23	7	AO	125.	460.	610.	2500.
1	23	7	AO	120.	470.	710.	2500.
1	23	8	UH	125.	390.	900.	2100.
1	23	8	UH	125.	460.	920.	2140.
1	23	9	UW	125.	250.	690.	2080.
1	23	9	UW	130.	270.	650.	2050.
1	23	10	ER	122.	540.	1280.	1720.
1	23	10	ER	118.	510.	1280.	1650.
1	24	1	IY	148.	280.	2450.	2700.
1	24	1	IY	160.	288.	2500.	2880.
1	24	2	IH	160.	400.	2080.	2530.
1	24	2	IH	153.	384.	2110.	2500.
1	24	3	*EH	138.	590.	1900.	2200.
1	24	3	*EH	153.	583.	1840.	2250.
1	24	4	AE	145.	680.	1850.	2400.
1	24	4	AE	140.	685.	1780.	2160.
1	24	5	AH	143.	660.	1370.	2110.
1	24	5	*AH	145.	680.	1300.	2100.
1	24	6	*AA	140.	760.	1260.	2120.
1	24	6	AA	135.	770.	1140.	2020.
1	24	7	AO	145.	500.	800.	1850.
1	24	7	AO	132.	600.	1000.	2000.
1	24	8	UH	157.	380.	1060.	1950.
1	24	8	UH	150.	470.	1220.	2150.
1	24	9	UW	162.	324.	800.	2220.
1	24	9	UW	139.	290.	800.	2150.
1	24	10	ER	150.	560.	1350.	1780.
1	24	10	ER	150.	600.	1470.	1820.
1	25	1	IY	110.	250.	2190.	3000.
1	25	1	IY	106.	254.	2085.	2890.
1	25	2	IH	111.	330.	1967.	2670.
1	25	2	IH	108.	430.	1940.	2590.
1	25	3	EH	116.	464.	2100.	2700.
1	25	3	EH	105.	504.	1995.	2780.
1	25	4	AE	94.	595.	1900.	2700.
1	25	4	AE	100.	670.	1860.	2500.
1	25	5	AH	96.	620.	1200.	2420.
1	25	5	AH	105.	630.	1127.	2420.
1	25	6	AA	100.	750.	1160.	2360.
1	25	6	AA	96.	740.	1155.	2330.
1	25	7	AO	101.	460.	740.	2300.
1	25	7	*AO	105.	494.	789.	2420.
1	25	8	UH	113.	400.	1020.	2200.
1	25	8	UH	128.	450.	1028.	2160.
1	25	9	UW	140.	392.	1000.	2120.
1	25	9	UW	116.	350.	898.	2140.
1	25	10	ER	117.	547.	1340.	1688.
1	25	10	ER	128.	512.	1280.	1570.
1	26	1	IY	123.	246.	2185.	2730.
1	26	1	IY	133.	267.	2280.	2800.
1	26	2	IH	140.	420.	2300.	2800.
1	26	2	IH	120.	384.	2110.	2620.
1	26	3	EH	120.	480.	1920.	2540.
1	26	3	*EH	112.	551.	1788.	2450.
1	26	4	AE	114.	628.	1837.	2570.
1	26	4	*AE	111.	622.	1890.	2560.
1	26	5	AH	114.	628.	1254.	2470.
1	26	5	AH	114.	617.	1255.	2480.
1	26	6	*AA	117.	690.	1072.	2660.
1	26	6	*AA	103.	630.	1000.	2530.
1	26	7	AO	117.	510.	700.	2650.
1	26	7	AO	120.	504.	756.	2540.
1	26	8	UH	122.	465.	990.	2440.
1	26	8	UH	125.	462.	976.	2450.
1	26	9	UW	120.	324.	708.	2440.
1	26	9	UW	157.	387.	786.	2518.
1	26	10	ER	122.	488.	1468.	1712.
1	26	10	ER	118.	472.	1465.	1725.
1	27	1	IY	138.	275.	2060.	2800.
1	27	1	IY	136.	270.	2020.	2790.
1	27	2	IH	133.	349.	2030.	2760.
1	27	2	IH	136.	340.	1940.	2560.
1	27	3	*EH	120.	444.	1800.	2500.
1	27	3	*EH	127.	380.	1800.	2440.
1	27	4	AE	125.	688.	1600.	2300.
1	27	4	AE	122.	660.	1570.	2380.
1	27	5	*AH	128.	565.	1157.	2310.
1	27	5	AH	130.	550.	1150.	2250.
1	27	6	AA	125.	712.	1024.	2250.
1	27	6	AA	125.	670.	1080.	2300.
1	27	7	AO	125.	550.	913.	2360.
1	27	7	AO	126.	550.	890.	2280.
1	27	8	UH	128.	360.	1028.	2160.
1	27	8	*UH	140.	390.	1060.	2150.
1	27	9	UW	133.	294.	930.	2050.
1	27	9	UW	140.	280.	1000.	2160.
1	27	10	ER	125.	440.	1250.	1625.
1	27	10	ER	130.	480.	1160.	1520.
1	28	1	IY	125.	320.	2160.	2900.
1	28	1	IY	133.	267.	2230.	3000.
1	28	2	IH	115.	440.	1750.	2400.
1	28	2	IH	116.	390.	1780.	2450.
1	28	3	EH	117.	525.	1800.	2480.
1	28	3	EH	110.	520.	1750.	2390.
1	28	4	AE	111.	660.	1600.	2400.
1	28	4	AE	120.	720.	1680.	2430.
1	28	5	AH	117.	600.	1250.	2300.
1	28	5	*AH	125.	575.	1170.	2240.
1	28	6	*AA	111.	730.	1160.	2340.
1	28	6	AA	117.	860.	1280.	2470.
1	28	7	AO	114.	560.	810.	2290.
1	28	7	AO	116.	584.	840.	2280.
1	28	8	UH	130.	455.	970.	2140.
1	28	8	UH	120.	456.	1040.	2038.
1	28	9	UW	125.	350.	820.	2130.
1	28	9	UW	128.	366.	772.	2058.
1	28	10	*ER	111.	450.	1420.	1870.
1	28	10	ER	118.	472.	1430.	1840.
1	29	1	IY	133.	333.	2305.	3200.
1	29	1	IY	131.	326.	2260.	3030.
1	29	2	*IH	125.	375.	2188.	2750.
1	29	2	*IH	133.	400.	2150.	2680.
1	29	3	*EH	125.	500.	1980.	2480.
1	29	3	*EH	150.	480.	1950.	2340.
1	29	4	AE	116.	640.	1710.	2450.
1	29	4	AE	123.	615.	1720.	2220.
1	29	5	AH	116.	583.	1110.	2360.
1	29	5	*AH	117.	608.	1120.	2700.
1	29	6	AA	111.	777.	1170.	2600.
1	29	6	AA	114.	750.	1175.	2820.
1	29	7	*AO	105.	630.	891.	2519.
1	29	7	*AO	114.	572.	924.	2660.
1	29	8	UH	125.	438.	975.	2300.
1	29	8	UH	140.	420.	938.	2300.
1	29	9	UW	133.	333.	800.	2130.
1	29	9	UW	140.	320.	840.	2150.
1	29	10	ER	120.	480.	1320.	1870.
1	29	10	ER	127.	483.	1335.	1844.
1	30	1	IY	166.	267.	2300.	2940.
1	30	1	IY	156.	220.	2300.	2900.
1	30	2	IH	154.	431.	2040.	2460.
1	30	2	IH	155.	360.	2010.	2400.
1	30	3	*EH	150.	565.	1950.	2500.
1	30	3	EH	180.	540.	2000.	2450.
1	30	4	*AE	143.	600.	2000.	2570.
1	30	4	AE	138.	590.	1950.	2460.
1	30	5	*AH	157.	630.	1140.	2200.
1	30	5	*AH	186.	630.	1170.	2280.
1	30	6	*AA	146.	730.	1048.	2450.
1	30	6	AA	155.	730.	1130.	2320.
1	30	7	*AO	150.	600.	900.	2400.
1	30	7	*AO	178.	640.	890.	2280.
1	30	8	*UH	160.	448.	960.	2200.
1	30	8	UH	196.	450.	1000.	2180.
1	30	9	UW	167.	333.	835.	2170.
1	30	9	UW	198.	280.	750.	2170.
1	30	10	ER	163.	488.	1300.	1600.
1	30	10	ER	163.	490.	1380.	1620.
1	31	1	IY	120.	312.	2380.	2900.
1	31	1	IY	120.	300.	2350.	3000.
1	31	2	IH	140.	490.	2000.	2620.
1	31	2	*IH	140.	490.	1960.	2600.
1	31	3	EH	125.	640.	2000.	2620.
1	31	3	EH	111.	555.	1870.	2540.
1	31	4	AE	112.	697.	1610.	2540.
1	31	4	AE	114.	684.	1634.	2510.
1	31	5	AH	115.	633.	1260.	2530.
1	31	5	*AH	120.	660.	1213.	2460.
1	31	6	AA	112.	730.	1203.	2700.
1	31	6	AA	107.	752.	1125.	2620.
1	31	7	AO	108.	507.	755.	2420.
1	31	7	AO	116.	538.	816.	2450.
1	31	8	UH	114.	456.	1040.	2300.
1	31	8	UH	120.	480.	1120.	2160.
1	31	9	*UW	123.	344.	960.	2150.
1	31	9	UW	125.	350.	1000.	2250.
1	31	10	ER	112.	539.	1370.	1800.
1	31	10	ER	117.	549.	1353.	1728.
1	32	1	IY	146.	292.	2500.	3150.
1	32	1	IY	133.	266.	2370.	3100.
1	32	2	IH	143.	372.	2220.	2640.
1	32	2	IH	131.	350.	2130.	2610.
1	32	3	*EH	133.	574.	1840.	2260.
1	32	3	*EH	133.	563.	1960.	2450.
1	32	4	AE	125.	650.	1738.	2400.
1	32	4	AE	130.	663.	1820.	2400.
1	32	5	AH	137.	600.	1370.	2180.
1	32	5	*AH	125.	625.	1312.	2250.
1	32	6	AA	133.	735.	1070.	2100.
1	32	6	AA	117.	713.	1180.	2200.
1	32	7	AO	125.	625.	875.	2180.
1	32	7	*AO	115.	700.	1000.	2250.
1	32	8	UH	150.	420.	1100.	2000.
1	32	8	UH	140.	420.	1120.	2100.
1	32	9	UW	125.	350.	980.	2200.
1	32	9	UW	133.	320.	918.	2100.
1	32	10	ER	143.	554.	1480.	1800.
1	32	10	ER	128.	484.	1505.	1890.
1	33	1	IY	143.	286.	2415.	2860.
1	33	1	IY	150.	300.	2415.	2860.
1	33	2	*IH	140.	400.	1980.	2500.
1	33	2	*IH	145.	407.	2095.	2620.
1	33	3	*EH	125.	525.	1988.	2610.
1	33	3	EH	144.	553.	1935.	2530.
1	33	4	AE	133.	640.	1773.	2490.
1	33	4	AE	133.	640.	1840.	2560.
1	33	5	AH	143.	672.	1272.	2640.
1	33	5	AH	146.	658.	1241.	2560.
1	33	6	AA	130.	780.	1170.	2640.
1	33	6	AA	131.	788.	1115.	2645.
1	33	7	*AO	138.	633.	891.	2500.
1	33	7	*AO	150.	600.	935.	2550.
1	33	8	UH	175.	490.	1102.	2420.
1	33	8	UH	154.	492.	1077.	2306.
1	33	9	*UW	160.	320.	960.	2240.
1	33	9	UW	160.	320.	960.	2290.
1	33	10	ER	143.	543.	1310.	1643.
1	33	10	ER	145.	508.	1309.	1600.
2	34	1	*IY	230.	370.	2670.	3100.
2	34	1	IY	234.	390.	2760.	3060.
2	34	2	IH	234.	468.	2330.	2930.
2	34	2	IH	205.	410.	2380.	2950.
2	34	3	EH	190.	550.	2200.	2880.
2	34	3	EH	191.	570.	2100.	3040.
2	34	4	AE	200.	800.	1980.	2810.
2	34	4	AE	192.	860.	1920.	2850.
2	34	5	AH	227.	635.	1200.	3250.
2	34	5	AH	200.	700.	1200.	3100.
2	34	6	*AA	210.	880.	1240.	2870.
2	34	6	AA	188.	830.	1200.	2880.
2	34	7	AO	207.	570.	830.	3300.
2	34	7	*AO	200.	700.	1000.	3130.
2	34	8	UH	240.	410.	940.	3040.
2	34	8	UH	225.	450.	970.	3190.
2	34	9	UW	238.	480.	955.	2960.
2	34	9	*UW	208.	395.	810.	2900.
2	34	10	ER	200.	500.	1850.	2100.
2	34	10	ER	200.	560.	1750.	2100.
2	35	1	IY	225.	270.	2760.	3550.
2	35	1	IY	240.	290.	2700.	3350.
2	35	2	IH	245.	460.	2500.	3220.
2	35	2	IH	220.	410.	2400.	3240.
2	35	3	EH	220.	620.	2300.	3200.
2	35	3	EH	210.	630.	2300.	3170.
2	35	4	AE	220.	820.	2180.	2850.
2	35	4	AE	195.	740.	2120.	3070.
2	35	5	AH	240.	800.	1300.	2900.
2	35	5	AH	225.	760.	1400.	2830.
2	35	6	AA	214.	850.	1120.	2620.
2	35	6	AA	190.	880.	1220.	2850.
2	35	7	AO	228.	460.	900.	2830.
2	35	7	*AO	222.	440.	880.	2850.
2	35	8	UH	250.	500.	1040.	2750.
2	35	8	UH	245.	490.	1000.	2720.
2	35	9	UW	250.	400.	940.	2720.
2	35	9	UW	245.	410.	860.	2700.
2	35	10	ER	225.	440.	1560.	1750.
2	35	10	ER	210.	420.	1600.	1750.
2	36	1	IY	210.	290.	2700.	3020.
2	36	1	IY	215.	280.	2630.	3240.
2	36	2	*IH	211.	420.	2300.	2950.
2	36	2	IH	211.	420.	2220.	2980.
2	36	3	*EH	207.	640.	2120.	2900.
2	36	3	*EH	221.	700.	2000.	2900.
2	36	4	AE	212.	1000.	1830.	2820.
2	36	4	AE	204.	980.	1800.	2820.
2	36	5	*AH	205.	780.	1410.	2720.
2	36	5	AH	208.	710.	1450.	2750.
2	36	6	AA	205.	950.	1280.	2600.
2	36	6	AA	210.	870.	1260.	2740.
2	36	7	AO	203.	610.	900.	2710.
2	36	7	AO	210.	630.	840.	2700.
2	36	8	UH	211.	440.	1050.	2780.
2	36	8	UH	210.	420.	1050.	2740.
2	36	9	UW	222.	380.	860.	2500.
2	36	9	UW	208.	330.	750.	2740.
2	36	10	ER	208.	580.	1450.	1720.
2	36	10	ER	212.	540.	1560.	1900.
2	37	1	IY	210.	294.	2800.	3100.
2	37	1	IY	222.	270.	2880.	3160.
2	37	2	IH	202.	420.	2430.	3030.
2	37	2	IH	212.	420.	2370.	2930.
2	37	3	*EH	200.	580.	2180.	2770.
2	37	3	*EH	217.	540.	2160.	2770.
2	37	4	AE	200.	820.	1970.	2620.
2	37	4	AE	210.	840.	2000.	2700.
2	37	5	*AH	208.	690.	1200.	2900.
2	37	5	AH	201.	666.	1206.	2900.
2	37	6	*AA	200.	800.	1200.	2920.
2	37	6	*AA	190.	760.	1140.	2850.
2	37	7	AO	200.	560.	760.	2800.
2	37	7	AO	207.	560.	770.	3000.
2	37	8	*UH	215.	430.	1075.	2580.
2	37	8	UH	213.	430.	1000.	2700.
2	37	9	UW	220.	330.	840.	2550.
2	37	9	UW	213.	280.	850.	2500.
2	37	10	ER	205.	430.	1800.	1930.
2	37	10	ER	200.	420.	1740.	1960.
2	38	1	IY	175.	350.	2800.	3160.
2	38	1	IY	187.	338.	2870.	3300.
2	38	2	IH	200.	400.	2540.	3200.
2	38	2	IH	210.	420.	2680.	3000.
2	38	3	EH	180.	518.	2470.	3200.
2	38	3	EH	200.	600.	2400.	3150.
2	38	4	AE	171.	773.	2000.	2870.
2	38	4	AE	175.	875.	2100.	2970.
2	38	5	*AH	183.	733.	1468.	2700.
2	38	5	AH	200.	740.	1280.	2900.
2	38	6	*AA	178.	730.	1210.	2740.
2	38	6	*AA	175.	735.	1220.	2850.
2	38	7	AO	160.	560.	960.	2850.
2	38	7	AO	192.	536.	850.	2850.
2	38	8	UH	212.	424.	1040.	2780.
2	38	8	UH	200.	520.	1060.	2670.
2	38	9	UW	190.	380.	770.	2900.
2	38	9	UW	187.	340.	750.	2780.
2	38	10	*ER	177.	490.	2120.	2480.
2	38	10	ER	197.	493.	1930.	2300.
2	39	1	IY	250.	325.	2700.	3100.
2	39	1	IY	225.	310.	2750.	3225.
2	39	2	IH	214.	350.	2580.	3000.
2	39	2	IH	267.	390.	2700.	3200.
2	39	3	EH	233.	560.	2330.	2800.
2	39	3	EH	200.	520.	2500.	3000.
2	39	4	AE	171.	806.	1970.	2600.
2	39	4	AE	150.	825.	1860.	2550.
2	39	5	AH	186.	708.	1485.	2760.
2	39	5	AH	188.	676.	1500.	2590.
2	39	6	AA	200.	800.	1200.	2800.
2	39	6	*AA	205.	714.	1154.	2850.
2	39	7	AO	267.	530.	800.	2780.
2	39	7	*AO	180.	485.	810.	2750.
2	39	8	UH	214.	450.	1460.	2550.
2	39	8	UH	233.	467.	1400.	2450.
2	39	9	UW	225.	450.	1080.	2350.
2	39	9	UW	200.	400.	1000.	2400.
2	39	10	ER	193.	524.	1700.	2130.
2	39	10	ER	180.	507.	1800.	2380.
2	40	1	IY	200.	300.	3100.	3400.
2	40	1	*IY	216.	300.	3100.	3500.
2	40	2	IH	214.	428.	2570.	3000.
2	40	2	IH	220.	440.	2640.	3080.
2	40	3	EH	210.	528.	2540.	3170.
2	40	3	*EH	210.	504.	2520.	3200.
2	40	4	AE	187.	940.	2250.	2760.
2	40	4	AE	200.	820.	2200.	2920.
2	40	5	AH	204.	816.	1450.	2700.
2	40	5	*AH	214.	858.	1500.	2700.
2	40	6	AA	200.	960.	1280.	3000.
2	40	6	*AA	180.	1040.	1300.	3000.
2	40	7	AO	220.	520.	880.	2500.
2	40	7	AO	217.	574.	890.	2510.
2	40	8	*UH	233.	466.	1330.	2750.
2	40	8	*UH	233.	466.	1165.	2800.
2	40	9	UW	180.	300.	850.	2800.
2	40	9	*UW	175.	350.	840.	2750.
2	40	10	ER	216.	432.	1790.	2060.
2	40	10	ER	219.	360.	1900.	2320.
2	41	1	IY	225.	337.	2700.	3300.
2	41	1	IY	233.	340.	2720.	3200.
2	41	2	IH	237.	474.	2370.	3095.
2	41	2	IH	237.	475.	2400.	3090.
2	41	3	EH	229.	526.	2360.	3090.
2	41	3	EH	233.	580.	2360.	3150.
2	41	4	*AE	230.	690.	2185.	2990.
2	41	4	*AE	220.	660.	2200.	3020.
2	41	5	*AH	225.	675.	1551.	2923.
2	41	5	AH	233.	690.	1630.	2900.
2	41	6	AA	222.	845.	1334.	2890.
2	41	6	AA	233.	888.	1290.	2800.
2	41	7	AO	225.	631.	923.	2250.
2	41	7	AO	233.	543.	980.	2300.
2	41	8	UH	233.	537.	1360.	2920.
2	41	8	UH	240.	480.	1345.	2680.
2	41	9	UW	235.	400.	1180.	2760.
2	41	9	UW	233.	396.	1120.	2560.
2	41	10	ER	225.	450.	1640.	2250.
2	41	10	ER	233.	489.	1630.	2090.
2	42	1	IY	225.	225.	2760.	3900.
2	42	1	IY	230.	230.	2850.	3800.
2	42	2	IH	238.	429.	2560.	3200.
2	42	2	*IH	230.	430.	2575.	3100.
2	42	3	EH	214.	579.	2570.	3300.
2	42	3	EH	214.	536.	2570.	3100.
2	42	4	AE	205.	823.	2220.	2870.
2	42	4	AE	200.	800.	2100.	2900.
2	42	5	AH	250.	750.	1500.	2750.
2	42	5	AH	217.	738.	1300.	2820.
2	42	6	AA	200.	840.	1300.	3100.
2	42	6	*AA	206.	990.	1340.	3100.
2	42	7	AO	214.	579.	856.	2790.
2	42	7	AO	205.	545.	905.	2750.
2	42	8	*UH	233.	490.	1220.	2610.
2	42	8	*UH	250.	513.	1500.	2650.
2	42	9	UW	250.	400.	1250.	2500.
2	42	9	UW	225.	405.	1080.	2500.
2	42	10	ER	233.	466.	1860.	2260.
2	42	10	ER	225.	540.	1780.	2220.
2	43	1	IY	240.	290.	3000.	3840.
2	43	1	IY	250.	325.	2900.	3500.
2	43	2	IH	250.	500.	2370.	3120.
2	43	2	*IH	238.	476.	2380.	3090.
2	43	3	EH	238.	760.	2380.	3205.
2	43	3	EH	233.	746.	2290.	3030.
2	43	4	AE	206.	1008.	1990.	2870.
2	43	4	AE	200.	1040.	2000.	2800.
2	43	5	AH	220.	830.	1540.	2860.
2	43	5	AH	237.	900.	1510.	2840.
2	43	6	AA	206.	970.	1343.	3018.
2	43	6	*AA	236.	592.	1230.	2600.
2	43	7	AO	233.	650.	900.	2920.
2	43	7	AO	229.	687.	1060.	2780.
2	43	8	*UH	233.	512.	1211.	2630.
2	43	8	UH	233.	467.	1167.	2595.
2	43	9	UW	250.	450.	875.	2750.
2	43	9	UW	233.	420.	935.	2710.
2	43	10	ER	230.	622.	1750.	2070.
2	43	10	ER	225.	652.	1710.	2043.
2	44	1	IY	255.	275.	2800.	3310.
2	44	1	IY	245.	245.	2800.	3300.
2	44	2	IH	267.	534.	2500.	3250.
2	44	2	IH	264.	528.	2640.	3370.
2	44	3	EH	238.	700.	2380.	3250.
2	44	3	EH	250.	750.	2480.	3000.
2	44	4	AE	237.	1020.	1900.	2960.
2	44	4	AE	233.	1005.	2050.	2870.
2	44	5	AH	263.	750.	1500.	2850.
2	44	5	AH	250.	850.	1400.	2750.
2	44	6	AA	258.	978.	1290.	2840.
2	44	6	AA	246.	935.	1230.	2730.
2	44	7	AO	250.	500.	750.	2750.
2	44	7	AO	243.	632.	850.	2850.
2	44	8	UH	250.	350.	1170.	2750.
2	44	8	UH	266.	450.	1000.	2800.
2	44	9	UW	256.	358.	640.	2560.
2	44	9	UW	250.	300.	750.	2500.
2	44	10	ER	260.	520.	1560.	1820.
2	44	10	ER	250.	500.	1500.	1750.
2	45	1	IY	236.	236.	2790.	3760.
2	45	1	IY	242.	242.	2770.	3800.
2	45	2	IH	222.	444.	2555.	3110.
2	45	2	IH	242.	420.	2700.	3120.
2	45	3	EH	226.	634.	2325.	2940.
2	45	3	EH	225.	608.	2475.	3100.
2	45	4	AE	210.	1010.	2060.	2900.
2	45	4	AE	200.	980.	2160.	2920.
2	45	5	AH	217.	818.	1450.	2500.
2	45	5	AH	200.	750.	1280.	2650.
2	45	6	AA	220.	820.	1200.	2640.
2	45	6	AA	210.	900.	1120.	2900.
2	45	7	AO	220.	440.	749.	2640.
2	45	7	AO	210.	567.	752.	2600.
2	45	8	*UH	204.	460.	1045.	2504.
2	45	8	UH	240.	480.	1105.	2400.
2	45	9	UW	250.	420.	1000.	2500.
2	45	9	UW	275.	350.	1100.	2400.
2	45	10	ER	217.	487.	1500.	1780.
2	45	10	ER	206.	467.	1420.	1640.
2	46	1	IY	225.	360.	2920.	3400.
2	46	1	IY	233.	340.	2840.	3300.
2	46	2	IH	257.	514.	2570.	3070.
2	46	2	IH	238.	500.	2680.	3260.
2	46	3	EH	238.	650.	2495.	3090.
2	46	3	*EH	216.	650.	2380.	3030.
2	46	4	AE	225.	1020.	2030.	2700.
2	46	4	AE	225.	1000.	2200.	2770.
2	46	5	AH	225.	788.	1462.	2920.
2	46	5	AH	217.	736.	1500.	2900.
2	46	6	*AA	214.	987.	1330.	2830.
2	46	6	AA	214.	1009.	1415.	3080.
2	46	7	*AO	226.	672.	1084.	2495.
2	46	7	AO	209.	627.	1045.	2504.
2	46	8	UH	250.	500.	1200.	2450.
2	46	8	UH	230.	460.	1150.	2880.
2	46	9	UW	267.	420.	990.	2860.
2	46	9	UW	190.	380.	893.	2920.
2	46	10	ER	246.	610.	1630.	2020.
2	46	10	ER	225.	585.	1700.	1850.
2	47	1	IY	285.	285.	2900.	3500.
2	47	1	IY	286.	310.	2900.	3400.
2	47	2	IH	297.	480.	2670.	3260.
2	47	2	*IH	220.	440.	2620.	3380.
2	47	3	EH	173.	550.	2370.	3140.
2	47	3	EH	260.	520.	2340.	3040.
2	47	4	AE	167.	790.	2180.	3020.
2	47	4	AE	280.	840.	2160.	3020.
2	47	5	AH	280.	840.	1400.	2750.
2	47	5	AH	270.	760.	1330.	2950.
2	47	6	AA	252.	900.	1290.	2750.
2	47	6	*AA	260.	900.	1240.	3110.
2	47	7	AO	175.	700.	1050.	2750.
2	47	7	AO	190.	720.	1080.	3030.
2	47	8	UH	286.	540.	1200.	2860.
2	47	8	UH	205.	570.	1200.	2970.
2	47	9	UW	328.	400.	980.	2630.
2	47	9	UW	290.	440.	990.	2900.
2	47	10	ER	286.	570.	2000.	2480.
2	47	10	ER	260.	510.	1850.	2350.
2	48	1	IY	170.	340.	2750.	3120.
2	48	1	IY	238.	360.	2760.	3120.
2	48	2	IH	167.	480.	2390.	2950.
2	48	2	*IH	194.	520.	2450.	3000.
2	48	3	EH	220.	620.	2520.	2920.
2	48	3	EH	222.	620.	2440.	2880.
2	48	4	AE	222.	1110.	2160.	2700.
2	48	4	AE	214.	1070.	1960.	2750.
2	48	5	*AH	217.	820.	1240.	2600.
2	48	5	*AH	216.	860.	1300.	2670.
2	48	6	AA	150.	840.	1110.	2930.
2	48	6	AA	170.	850.	1120.	2850.
2	48	7	AO	200.	500.	700.	2930.
2	48	7	AO	212.	380.	720.	2700.
2	48	8	UH	235.	400.	940.	2820.
2	48	8	UH	214.	380.	860.	2680.
2	48	9	UW	196.	330.	760.	2870.
2	48	9	UW	188.	350.	710.	2760.
2	48	10	ER	182.	550.	1780.	2080.
2	48	10	ER	201.	600.	1750.	2000.
2	49	1	IY	200.	320.	2360.	2980.
2	49	1	IY	203.	304.	2380.	3050.
2	49	2	*IH	211.	444.	2220.	2740.
2	49	2	*IH	210.	420.	2090.	2780.
2	49	3	EH	200.	500.	2350.	2830.
2	49	3	EH	200.	600.	2200.	2700.
2	49	4	*AE	192.	845.	1700.	2300.
2	49	4	AE	187.	860.	1724.	2530.
2	49	5	AH	200.	720.	1440.	2380.
2	49	5	AH	191.	707.	1470.	2440.
2	49	6	AA	200.	700.	1080.	2420.
2	49	6	*AA	192.	767.	1150.	2590.
2	49	7	AO	200.	600.	860.	2410.
2	49	7	AO	200.	600.	900.	2400.
2	49	8	UH	210.	546.	1090.	2400.
2	49	8	UH	210.	462.	1240.	2310.
2	49	9	UW	257.	360.	930.	2260.
2	49	9	UW	220.	440.	1100.	2300.
2	49	10	ER	200.	540.	1400.	1800.
2	49	10	ER	204.	460.	1350.	1560.
2	50	1	IY	203.	406.	2600.	2945.
2	50	1	*IY	200.	400.	2600.	3100.
2	50	2	IH	200.	460.	2300.	2800.
2	50	2	IH	210.	420.	2305.	2835.
2	50	3	EH	190.	570.	2100.	2720.
2	50	3	EH	207.	538.	2175.	2880.
2	50	4	AE	189.	850.	1853.	2685.
2	50	4	AE	193.	830.	1800.	2620.
2	50	5	AH	200.	720.	1500.	2560.
2	50	5	AH	200.	800.	1400.	2420.
2	50	6	AA	194.	915.	1280.	2530.
2	50	6	AA	206.	723.	1196.	2600.
2	50	7	AO	192.	575.	1073.	2490.
2	50	7	AO	200.	600.	1100.	2600.
2	50	8	UH	202.	520.	1210.	2420.
2	50	8	UH	212.	468.	1275.	2550.
2	50	9	UW	207.	370.	1000.	2470.
2	50	9	UW	205.	330.	970.	2460.
2	50	10	ER	200.	560.	1600.	1900.
2	50	10	ER	206.	514.	1540.	1955.
2	51	1	IY	240.	380.	2880.	3360.
2	51	1	IY	250.	380.	2820.	3300.
2	51	2	*IH	233.	514.	2600.	2930.
2	51	2	IH	237.	473.	2660.	2970.
2	51	3	EH	223.	567.	2460.	3122.
2	51	3	EH	224.	521.	2460.	2920.
2	51	4	AE	218.	808.	2070.	2880.
2	51	4	*AE	203.	678.	2420.	3080.
2	51	5	AH	200.	800.	1340.	2700.
2	51	5	*AH	214.	772.	1280.	2660.
2	51	6	AA	183.	843.	1190.	2860.
2	51	6	AA	205.	740.	1160.	2780.
2	51	7	*AO	222.	623.	1022.	2700.
2	51	7	AO	220.	594.	990.	2640.
2	51	8	*UH	240.	480.	960.	2820.
2	51	8	UH	242.	484.	900.	2640.
2	51	9	UW	233.	370.	933.	2520.
2	51	9	UW	250.	325.	750.	2500.
2	51	10	ER	225.	450.	1680.	2050.
2	51	10	*ER	233.	466.	1630.	1865.
2	52	1	IY	200.	320.	2750.	3100.
2	52	1	IY	178.	356.	2755.	3200.
2	52	2	IH	194.	388.	2622.	3050.
2	52	2	IH	194.	426.	2460.	3040.
2	52	3	EH	187.	592.	2242.	2765.
2	52	3	*EH	191.	535.	2290.	2870.
2	52	4	*AE	188.	750.	2060.	2770.
2	52	4	*AE	162.	650.	2110.	2618.
2	52	5	AH	187.	618.	1518.	2700.
2	52	5	AH	183.	624.	1430.	2660.
2	52	6	AA	163.	766.	1180.	2340.
2	52	6	AA	167.	750.	1065.	2640.
2	52	7	*AO	170.	595.	918.	2600.
2	52	7	*AO	176.	630.	985.	2630.
2	52	8	UH	200.	420.	1200.	2600.
2	52	8	UH	200.	460.	1260.	2640.
2	52	9	UW	187.	375.	1124.	2685.
2	52	9	*UW	188.	375.	1143.	2700.
2	52	10	ER	180.	504.	1565.	1835.
2	52	10	ER	183.	513.	1578.	1830.
2	53	1	IY	280.	357.	2800.	3360.
2	53	1	IY	275.	340.	2860.	3350.
2	53	2	IH	290.	480.	2600.	3060.
2	53	2	IH	292.	465.	2598.	3060.
2	53	3	*EH	250.	700.	2350.	2980.
2	53	3	EH	240.	737.	2325.	3100.
2	53	4	AE	200.	960.	2100.	3000.
2	53	4	AE	217.	1030.	2200.	3260.
2	53	5	AH	275.	920.	1512.	2950.
2	53	5	AH	260.	910.	1688.	3050.
2	53	6	AA	275.	990.	1237.	2360.
2	53	6	AA	267.	987.	1172.	3180.
2	53	7	AO	267.	587.	1068.	3270.
2	53	7	AO	293.	560.	990.	3150.
2	53	8	*UH	275.	520.	1350.	3190.
2	53	8	*UH	280.	510.	1415.	3130.
2	53	9	UW	300.	420.	1045.	3060.
2	53	9	UW	300.	390.	960.	3030.
2	53	10	ER	230.	460.	1860.	2250.
2	53	10	ER	214.	504.	1820.	2290.
2	54	1	IY	200.	240.	2760.	3700.
2	54	1	IY	220.	220.	2850.	3800.
2	54	2	IH	228.	319.	2500.	3020.
2	54	2	IH	216.	324.	2500.	3010.
2	54	3	EH	220.	616.	2380.	2900.
2	54	3	EH	212.	615.	2300.	2800.
2	54	4	*AE	212.	710.	2120.	2600.
2	54	4	*AE	210.	690.	2250.	2680.
2	54	5	AH	221.	800.	1520.	2380.
2	54	5	AH	210.	780.	1470.	2400.
2	54	6	AA	199.	995.	1392.	2290.
2	54	6	AA	200.	1000.	1400.	2440.
2	54	7	AO	205.	656.	944.	2250.
2	54	7	AO	200.	720.	960.	2380.
2	54	8	UH	223.	335.	1049.	2470.
2	54	8	UH	210.	420.	1009.	2300.
2	54	9	UW	219.	329.	877.	2550.
2	54	9	UW	230.	340.	900.	2530.
2	54	10	ER	206.	400.	1380.	1560.
2	54	10	ER	201.	400.	1240.	1480.
2	55	1	IY	220.	286.	2800.	3550.
2	55	1	IY	241.	289.	2800.	3400.
2	55	2	IH	225.	383.	2420.	3080.
2	55	2	IH	240.	384.	2400.	3050.
2	55	3	*EH	209.	418.	2430.	3110.
2	55	3	EH	230.	460.	2300.	3050.
2	55	4	AE	187.	861.	2100.	2800.
2	55	4	AE	224.	896.	2040.	3000.
2	55	5	AH	218.	654.	1160.	2800.
2	55	5	AH	230.	690.	1195.	2770.
2	55	6	AA	208.	860.	1103.	2700.
2	55	6	AA	212.	806.	1060.	2850.
2	55	7	AO	202.	606.	910.	2900.
2	55	7	AO	201.	583.	860.	2840.
2	55	8	UH	225.	340.	900.	2650.
2	55	8	UH	235.	470.	1100.	2560.
2	55	9	UW	205.	308.	1025.	2650.
2	55	9	UW	235.	329.	1151.	2560.
2	55	10	ER	213.	533.	1425.	1830.
2	55	10	ER	214.	535.	1412.	1800.
2	56	1	IY	236.	307.	2670.	3150.
2	56	1	IY	245.	340.	2700.	3250.
2	56	2	IH	231.	417.	2300.	3000.
2	56	2	*IH	239.	410.	2200.	2910.
2	56	3	*EH	222.	644.	2250.	3000.
2	56	3	EH	224.	670.	2300.	2880.
2	56	4	*AE	224.	784.	1800.	2750.
2	56	4	*AE	234.	820.	1750.	2890.
2	56	5	AH	225.	765.	1300.	2700.
2	56	5	AH	221.	730.	1390.	2790.
2	56	6	*AA	225.	834.	1282.	2800.
2	56	6	AA	212.	850.	1270.	2760.
2	56	7	*AO	229.	688.	1029.	2750.
2	56	7	AO	222.	670.	1040.	2640.
2	56	8	UH	251.	427.	1506.	2640.
2	56	8	UH	240.	460.	1370.	2610.
2	56	9	UW	236.	378.	1416.	2580.
2	56	9	UW	239.	380.	1430.	2610.
2	56	10	ER	230.	460.	1200.	1909.
2	56	10	ER	225.	410.	1580.	1800.
2	57	1	IY	256.	384.	2860.	3210.
2	57	1	IY	250.	375.	3000.	3400.
2	57	2	IH	230.	460.	2665.	3140.
2	57	2	IH	233.	467.	2680.	3150.
2	57	3	EH	229.	640.	2400.	2860.
2	57	3	EH	233.	630.	2530.	3030.
2	57	4	*AE	233.	700.	2560.	3150.
2	57	4	*AE	225.	675.	2510.	3145.
2	57	5	*AH	240.	768.	1440.	2855.
2	57	5	AH	234.	794.	1447.	2920.
2	57	6	AA	227.	978.	1362.	2724.
2	57	6	AA	233.	933.	1350.	2610.
2	57	7	AO	240.	700.	1080.	2810.
2	57	7	AO	240.	720.	1090.	2840.
2	57	8	UH	243.	500.	1215.	2870.
2	57	8	UH	239.	500.	1240.	2860.
2	57	9	UW	263.	470.	1000.	2820.
2	57	9	UW	272.	378.	950.	2990.
2	57	10	ER	243.	480.	1410.	1700.
2	57	10	ER	243.	493.	1580.	1775.
2	58	1	IY	268.	320.	2900.	3200.
2	58	1	IY	263.	290.	2750.	3050.
2	58	2	*IH	258.	460.	2380.	2940.
2	58	2	*IH	251.	480.	2260.	2980.
2	58	3	*EH	246.	640.	2220.	2900.
2	58	3	*EH	250.	670.	2250.	2960.
2	58	4	AE	243.	950.	1970.	2890.
2	58	4	AE	244.	980.	1950.	2920.
2	58	5	*AH	251.	750.	1280.	2760.
2	58	5	AH	258.	770.	1340.	2800.
2	58	6	*AA	250.	950.	1130.	3160.
2	58	6	*AA	256.	850.	1150.	2940.
2	58	7	AO	242.	530.	870.	2680.
2	58	7	AO	250.	600.	900.	2770.
2	58	8	*UH	250.	600.	1225.	2500.
2	58	8	*UH	264.	630.	1320.	2560.
2	58	9	UW	258.	440.	1290.	2530.
2	58	9	UW	269.	460.	1080.	2640.
2	58	10	ER	250.	600.	1500.	2000.
2	58	10	ER	254.	610.	1520.	1950.
2	59	1	IY	234.	280.	2690.	3040.
2	59	1	IY	261.	280.	2740.	2980.
2	59	2	IH	260.	470.	2500.	3400.
2	59	2	IH	262.	440.	2480.	3240.
2	59	3	EH	242.	730.	2300.	3100.
2	59	3	EH	260.	750.	2340.	3120.
2	59	4	AE	233.	860.	2070.	2880.
2	59	4	AE	240.	890.	1920.	2710.
2	59	5	AH	257.	770.	1540.	2840.
2	59	5	AH	257.	800.	1410.	2860.
2	59	6	AA	240.	790.	1250.	3080.
2	59	6	*AA	241.	820.	1210.	2960.
2	59	7	AO	234.	408.	695.	3040.
2	59	7	AO	246.	420.	590.	3100.
2	59	8	UH	251.	500.	1230.	2520.
2	59	8	UH	256.	480.	1230.	2750.
2	59	9	UW	263.	419.	1050.	2850.
2	59	9	UW	278.	390.	1060.	2800.
2	59	10	ER	220.	420.	1720.	1900.
2	59	10	ER	255.	510.	1680.	1890.
2	60	1	IY	208.	270.	2820.	3450.
2	60	1	IY	225.	250.	2880.	3350.
2	60	2	IH	220.	370.	2530.	3060.
2	60	2	IH	250.	400.	2600.	3120.
2	60	3	EH	214.	640.	2360.	3020.
2	60	3	EH	219.	650.	2430.	3040.
2	60	4	AE	205.	900.	2090.	3000.
2	60	4	AE	200.	860.	2160.	2870.
2	60	5	AH	214.	750.	1540.	2800.
2	60	5	AH	214.	770.	1530.	2780.
2	60	6	AA	195.	920.	1350.	2550.
2	60	6	*AA	210.	920.	1470.	2690.
2	60	7	AO	194.	720.	1110.	2420.
2	60	7	AO	200.	700.	1100.	2780.
2	60	8	UH	222.	470.	1200.	2900.
2	60	8	UH	237.	470.	1190.	2800.
2	60	9	UW	240.	380.	980.	3100.
2	60	9	UW	188.	340.	920.	3050.
2	60	10	ER	222.	530.	1670.	2050.
2	60	10	ER	200.	500.	1720.	1900.
2	61	1	IY	258.	310.	2740.	3200.
2	61	1	IY	262.	262.	2680.	3170.
2	61	2	IH	262.	450.	2310.	3020.
2	61	2	IH	263.	472.	2270.	2950.
2	61	3	*EH	245.	640.	1980.	2920.
2	61	3	*EH	235.	700.	2110.	2940.
2	61	4	AE	194.	810.	1860.	2620.
2	61	4	AE	234.	890.	1800.	2700.
2	61	5	*AH	230.	710.	1340.	2780.
2	61	5	*AH	245.	740.	1470.	2940.
2	61	6	*AA	225.	830.	1020.	2650.
2	61	6	*AA	219.	830.	1095.	2610.
2	61	7	AO	240.	600.	850.	2760.
2	61	7	AO	253.	455.	810.	2750.
2	61	8	UH	282.	400.	1070.	2530.
2	61	8	UH	250.	450.	1050.	2450.
2	61	9	UW	260.	290.	670.	2380.
2	61	9	UW	275.	330.	630.	2460.
2	61	10	ER	240.	500.	1630.	2040.
2	61	10	ER	243.	490.	1580.	2190.
3	62	1	IY	228.	460.	3300.	3950.
3	62	1	IY	200.	400.	3400.	3850.
3	62	2	*IH	205.	600.	2550.	4000.
3	62	2	*IH	205.	610.	2500.	4100.
3	62	3	*EH	225.	600.	2750.	3600.
3	62	3	*EH	210.	760.	2500.	3850.
3	62	4	AE	200.	1000.	2300.	3900.
3	62	4	*AE	200.	800.	2500.	4050.
3	62	5	*AH	200.	1000.	1750.	3550.
3	62	5	AH	223.	1110.	1690.	4040.
3	62	6	*AA	205.	1220.	1560.	3650.
3	62	6	*AA	200.	1300.	1800.	3450.
3	62	7	AO	219.	660.	1100.	3850.
3	62	7	*AO	217.	690.	1090.	3900.
3	62	8	*UH	206.	620.	1420.	3700.
3	62	8	UH	220.	620.	1410.	3520.
3	62	9	UW	233.	440.	900.	3900.
3	62	9	UW	200.	400.	650.	3800.
3	62	10	ER	210.	610.	2300.	2900.
3	62	10	ER	200.	450.	2150.	2550.
3	63	1	IY	290.	320.	3500.	4260.
3	63	1	IY	305.	350.	3400.	4100.
3	63	2	IH	322.	640.	3200.	3660.
3	63	2	IH	325.	650.	3000.	3800.
3	63	3	EH	270.	850.	2900.	3680.
3	63	3	*EH	285.	700.	3120.	3750.
3	63	4	AE	256.	1130.	2560.	3500.
3	63	4	AE	285.	1140.	2000.	3560.
3	63	5	AH	310.	1130.	1740.	3670.
3	63	5	AH	300.	1000.	1800.	3450.
3	63	6	*AA	265.	1170.	1500.	3440.
3	63	6	*AA	283.	980.	1300.	3100.
3	63	7	*AO	265.	530.	1060.	3450.
3	63	7	*AO	272.	540.	1080.	3000.
3	63	8	UH	285.	560.	1440.	3500.
3	63	8	UH	294.	570.	1450.	3500.
3	63	9	UW	333.	350.	1280.	3650.
3	63	9	UW	290.	340.	1160.	2950.
3	63	10	*ER	275.	560.	1740.	2460.
3	63	10	ER	302.	600.	1800.	2200.
3	64	1	IY	240.	380.	3140.	3700.
3	64	1	IY	258.	310.	3350.	3650.
3	64	2	*IH	290.	580.	2760.	3400.
3	64	2	IH	250.	500.	2660.	3500.
3	64	3	*EH	250.	780.	2450.	3400.
3	64	3	*EH	240.	672.	2550.	3400.
3	64	4	*AE	240.	660.	2900.	3370.
3	64	4	*AE	215.	760.	2850.	3300.
3	64	5	AH	250.	880.	1500.	3200.
3	64	5	AH	243.	850.	1700.	3250.
3	64	6	AA	250.	940.	1380.	2400.
3	64	6	AA	276.	1200.	1500.	3160.
3	64	7	AO	250.	750.	1250.	3450.
3	64	7	AO	225.	675.	950.	3240.
3	64	8	UH	300.	610.	1500.	3300.
3	64	8	UH	275.	500.	1370.	3500.
3	64	9	UW	256.	300.	1280.	3150.
3	64	9	UW	250.	400.	1300.	3700.
3	64	10	ER	250.	500.	1540.	1700.
3	64	10	ER	242.	580.	1620.	1790.
3	65	1	IY	291.	410.	3200.	3800.
3	65	1	IY	264.	420.	3400.	3900.
3	65	2	*IH	291.	580.	2900.	3820.
3	65	2	*IH	280.	560.	2840.	3900.
3	65	3	*EH	292.	810.	2640.	4200.
3	65	3	*EH	270.	780.	2720.	4100.
3	65	4	AE	270.	1080.	2480.	3950.
3	65	4	AE	245.	1050.	2420.	4000.
3	65	5	*AH	286.	970.	1600.	3950.
3	65	5	*AH	250.	800.	1680.	3800.
3	65	6	*AA	275.	1040.	1350.	3850.
3	65	6	AA	250.	1100.	1460.	4250.
3	65	7	*AO	286.	770.	1150.	3950.
3	65	7	*AO	273.	710.	1200.	3900.
3	65	8	*UH	285.	680.	1420.	3800.
3	65	8	UH	278.	640.	1350.	3950.
3	65	9	UW	300.	420.	1110.	3640.
3	65	9	UW	280.	505.	1050.	3400.
3	65	10	ER	320.	640.	1940.	2820.
3	65	10	ER	265.	610.	2100.	2600.
3	66	1	IY	330.	460.	2800.	3550.
3	66	1	IY	333.	490.	2730.	3550.
3	66	2	*IH	310.	560.	2500.	3450.
3	66	2	*IH	310.	580.	2500.	3450.
3	66	3	*EH	286.	800.	2300.	3750.
3	66	3	*EH	310.	835.	2420.	3740.
3	66	4	AE	282.	950.	2150.	3650.
3	66	4	AE	310.	1000.	2150.	3700.
3	66	5	AH	293.	880.	1700.	3750.
3	66	5	AH	340.	900.	1600.	3650.
3	66	6	*AA	299.	990.	1410.	3750.
3	66	6	AA	280.	1050.	1320.	3730.
3	66	7	*AO	285.	770.	940.	3750.
3	66	7	*AO	333.	680.	1020.	3700.
3	66	8	UH	322.	550.	1195.	3750.
3	66	8	UH	350.	550.	1340.	3500.
3	66	9	*UW	316.	600.	1200.	3600.
3	66	9	UW	345.	550.	1100.	3470.
3	66	10	ER	310.	805.	1705.	2420.
3	66	10	ER	310.	710.	1700.	2400.
3	67	1	IY	210.	340.	3400.	4320.
3	67	1	IY	227.	590.	3610.	4220.
3	67	2	IH	235.	680.	3250.	4380.
3	67	2	*IH	220.	440.	3000.	3790.
3	67	3	EH	212.	660.	2900.	3610.
3	67	3	*EH	216.	610.	2760.	3650.
3	67	4	AE	214.	1240.	2700.	3640.
3	67	4	AE	215.	1050.	2550.	3550.
3	67	5	AH	216.	820.	1470.	3500.
3	67	5	*AH	211.	970.	1410.	3200.
3	67	6	AA	218.	1090.	1380.	3050.
3	67	6	*AA	212.	860.	1250.	2800.
3	67	7	AO	211.	800.	1220.	3700.
3	67	7	AO	214.	640.	1070.	3000.
3	67	8	UH	219.	660.	1360.	3700.
3	67	8	UH	214.	730.	1500.	3600.
3	67	9	UW	220.	620.	1100.	3250.
3	67	9	UW	216.	600.	1280.	3650.
3	67	10	ER	222.	670.	2130.	2360.
3	67	10	ER	205.	760.	2240.	2460.
3	68	1	IY	253.	330.	3250.	3720.
3	68	1	IY	262.	340.	3100.	3400.
3	68	2	*IH	250.	500.	2500.	3640.
3	68	2	*IH	278.	530.	2630.	3640.
3	68	3	*EH	255.	710.	2550.	3560.
3	68	3	*EH	250.	750.	2480.	3470.
3	68	4	AE	233.	1140.	2260.	3640.
3	68	4	AE	245.	1110.	2230.	3380.
3	68	5	AH	256.	770.	1540.	3500.
3	68	5	AH	257.	800.	1490.	3300.
3	68	6	AA	240.	940.	1400.	3400.
3	68	6	*AA	245.	930.	1370.	3120.
3	68	7	AO	240.	530.	860.	3400.
3	68	7	AO	240.	520.	910.	3420.
3	68	8	UH	255.	510.	1250.	3320.
3	68	8	UH	260.	520.	1140.	3320.
3	68	9	UW	274.	360.	660.	3050.
3	68	9	UW	260.	310.	730.	3500.
3	68	10	ER	250.	550.	1500.	1800.
3	68	10	ER	239.	480.	1650.	1960.
3	69	1	IY	250.	300.	2950.	3600.
3	69	1	IY	270.	320.	3210.	3600.
3	69	2	IH	290.	550.	2610.	3560.
3	69	2	*IH	286.	540.	2570.	3600.
3	69	3	EH	280.	700.	2500.	3580.
3	69	3	EH	263.	600.	2360.	3400.
3	69	4	AE	260.	970.	2400.	3200.
3	69	4	AE	250.	950.	2270.	3200.
3	69	5	AH	270.	780.	1650.	3350.
3	69	5	*AH	250.	720.	1500.	3240.
3	69	6	*AA	278.	950.	1200.	2950.
3	69	6	*AA	250.	920.	1080.	2770.
3	69	7	*AO	262.	790.	1050.	2900.
3	69	7	AO	250.	750.	1000.	2500.
3	69	8	UH	275.	540.	1430.	3320.
3	69	8	UH	263.	530.	1580.	3200.
3	69	9	UW	295.	420.	1500.	3010.
3	69	9	UW	260.	450.	1330.	2840.
3	69	10	ER	272.	570.	1880.	2400.
3	69	10	ER	255.	510.	1610.	1910.
3	70	1	IY	235.	280.	2820.	3400.
3	70	1	IY	244.	317.	3125.	3500.
3	70	2	IH	230.	460.	2520.	3300.
3	70	2	IH	212.	420.	2480.	3140.
3	70	3	EH	235.	657.	2300.	3300.
3	70	3	EH	232.	672.	2275.	3300.
3	70	4	AE	231.	808.	1950.	3300.
3	70	4	AE	225.	870.	2000.	3200.
3	70	5	AH	236.	706.	1410.	3200.
3	70	5	AH	211.	720.	1480.	2880.
3	70	6	*AA	250.	950.	1350.	3100.
3	70	6	*AA	227.	910.	1360.	2950.
3	70	7	AO	203.	700.	1120.	3070.
3	70	7	AO	230.	690.	920.	2760.
3	70	8	UH	250.	475.	1250.	3150.
3	70	8	UH	212.	460.	1210.	2750.
3	70	9	UW	244.	403.	1100.	2950.
3	70	9	UW	242.	363.	920.	2900.
3	70	10	ER	226.	452.	1580.	1810.
3	70	10	ER	232.	510.	1550.	1740.
3	71	1	IY	230.	280.	3140.	3830.
3	71	1	IY	250.	300.	3400.	3950.
3	71	2	*IH	225.	450.	2700.	3650.
3	71	2	*IH	250.	400.	2840.	3700.
3	71	3	EH	215.	580.	2650.	3550.
3	71	3	*EH	220.	620.	2660.	3770.
3	71	4	AE	240.	910.	2370.	3160.
3	71	4	AE	233.	930.	2350.	3450.
3	71	5	AH	250.	770.	1650.	3420.
3	71	5	AH	230.	690.	1600.	3350.
3	71	6	*AA	242.	970.	1450.	3260.
3	71	6	*AA	225.	1010.	1650.	3150.
3	71	7	AO	232.	670.	1160.	3550.
3	71	7	AO	225.	720.	1260.	3400.
3	71	8	UH	216.	500.	1640.	3580.
3	71	8	UH	250.	450.	1440.	3500.
3	71	9	UW	290.	350.	1160.	3260.
3	71	9	UW	273.	330.	1090.	3350.
3	71	10	ER	240.	430.	1800.	2400.
3	71	10	ER	233.	470.	1840.	2400.
3	72	1	IY	275.	330.	3050.	3800.
3	72	1	IY	286.	340.	2860.	3610.
3	72	2	IH	280.	500.	2720.	3360.
3	72	2	IH	230.	600.	2750.	3550.
3	72	3	EH	245.	735.	2450.	3300.
3	72	3	EH	258.	780.	2560.	3300.
3	72	4	AE	235.	940.	2020.	2580.
3	72	4	AE	232.	1070.	2320.	2900.
3	72	5	AH	268.	860.	1530.	3100.
3	72	5	AH	256.	970.	1500.	3050.
3	72	6	*AA	245.	780.	1250.	3180.
3	72	6	*AA	236.	970.	970.	3120.
3	72	7	*AO	258.	825.	1210.	3100.
3	72	7	*AO	300.	930.	930.	2900.
3	72	8	UH	260.	490.	1460.	2860.
3	72	8	UH	286.	570.	1320.	2840.
3	72	9	UW	275.	470.	1400.	2800.
3	72	9	UW	286.	370.	1160.	2800.
3	72	10	ER	268.	510.	1660.	2100.
3	72	10	ER	250.	480.	1700.	1830.
3	73	1	IY	295.	380.	3200.	4000.
3	73	1	IY	267.	350.	3250.	3700.
3	73	2	IH	294.	380.	2960.	3800.
3	73	2	IH	300.	520.	2900.	3600.
3	73	3	EH	280.	670.	2790.	3600.
3	73	3	*EH	275.	620.	2750.	3500.
3	73	4	AE	262.	1070.	2380.	3100.
3	73	4	AE	275.	1130.	2320.	3110.
3	73	5	*AH	290.	700.	1730.	2960.
3	73	5	AH	270.	725.	1570.	2900.
3	73	6	AA	278.	1110.	1630.	2780.
3	73	6	AA	280.	1130.	1400.	3000.
3	73	7	*AO	292.	580.	930.	2950.
3	73	7	AO	270.	540.	1070.	3000.
3	73	8	UH	300.	450.	1350.	3000.
3	73	8	UH	320.	520.	1600.	3150.
3	73	9	UW	307.	460.	1460.	3070.
3	73	9	UW	300.	400.	1700.	3000.
3	73	10	ER	300.	540.	1770.	2040.
3	73	10	ER	286.	540.	2050.	2300.
3	74	1	IY	300.	300.	3250.	3850.
3	74	1	IY	275.	275.	3280.	3800.
3	74	2	IH	286.	570.	2850.	3400.
3	74	2	IH	267.	485.	2630.	3450.
3	74	3	EH	264.	650.	2880.	3500.
3	74	3	EH	284.	570.	2900.	3600.
3	74	4	AE	260.	1300.	2280.	3130.
3	74	4	AE	260.	1300.	2160.	3300.
3	74	5	AH	275.	850.	1540.	3020.
3	74	5	AH	262.	840.	1580.	2880.
3	74	6	AA	250.	1230.	1300.	3200.
3	74	6	AA	286.	1090.	1230.	2980.
3	74	7	AO	265.	850.	850.	2920.
3	74	7	*AO	285.	685.	1030.	2900.
3	74	8	UH	283.	540.	1420.	3050.
3	74	8	UH	300.	600.	1440.	2900.
3	74	9	UW	280.	390.	1340.	2830.
3	74	9	UW	284.	340.	1110.	3080.
3	74	10	ER	280.	530.	1650.	1740.
3	74	10	ER	286.	550.	1660.	1770.
3	75	1	IY	265.	370.	2950.	3400.
3	75	1	IY	290.	370.	2910.	3480.
3	75	2	IH	271.	515.	2740.	3280.
3	75	2	IH	290.	485.	2600.	3200.
3	75	3	EH	262.	630.	2520.	3150.
3	75	3	EH	272.	565.	2440.	3120.
3	75	4	AE	262.	970.	2030.	2880.
3	75	4	AE	275.	915.	2130.	2900.
3	75	5	AH	270.	810.	1600.	3230.
3	75	5	*AH	280.	760.	1530.	3180.
3	75	6	*AA	270.	810.	1350.	2940.
3	75	6	AA	275.	1000.	1360.	3000.
3	75	7	*AO	270.	535.	970.	2960.
3	75	7	*AO	275.	550.	1080.	2850.
3	75	8	*UH	275.	550.	1420.	3040.
3	75	8	UH	295.	570.	1500.	3000.
3	75	9	UW	283.	510.	1700.	3020.
3	75	9	*UW	278.	500.	1640.	3050.
3	75	10	ER	261.	522.	1830.	2350.
3	75	10	ER	282.	530.	1800.	2250.
3	76	1	IY	320.	350.	3240.	3760.
3	76	1	IY	344.	344.	3120.	3640.
3	76	2	IH	308.	590.	2760.	3500.
3	76	2	IH	320.	540.	2900.	3500.
3	76	3	EH	307.	830.	2750.	3650.
3	76	3	EH	308.	800.	2640.	3540.
3	76	4	AE	294.	1140.	2450.	3230.
3	76	4	AE	239.	1130.	2550.	3150.
3	76	5	AH	310.	930.	1540.	3120.
3	76	5	AH	315.	950.	1670.	3150.
3	76	6	AA	350.	1190.	1470.	3150.
3	76	6	*AA	314.	1070.	1460.	2950.
3	76	7	AO	300.	910.	1200.	3180.
3	76	7	AO	330.	830.	1250.	3250.
3	76	8	UH	327.	630.	1310.	3270.
3	76	8	UH	322.	610.	1550.	3400.
3	76	9	UW	345.	520.	1250.	3460.
3	76	9	UW	334.	500.	1140.	3380.
3	76	10	ER	308.	740.	1850.	2160.
3	76	10	ER	328.	660.	1830.	2200.
